92
769
806
316
361
50
868
318
503
461
595
669
991
371
687
224
223
583
874
572
514
292
752
801
178
246
154
507
306
355
173
927
985
262
586
314
666
488
324
717
5
371
874
985
181
447
959
281
604
801
309
371
451
668
583
785
991
294
649
955
814
944
359
154
553
378
819
991
904
181
377
964
927
806
990
904
178
745
66
289
395
649
488
212
575
129
167
451
575
668
363
807
72
784
807
5
886
128
289
152
181
104
807
363
503
92
271
249
511
575
746
377
632
363
371
378
897
308
888
274
692
556
944
776
377
855
292
292
819
763
706
352
262
961
432
414
697
171
709
965
72
383
71
746
886
874
354
944
42
805
262
569
489
540
997
359
286
886
447
310
994
514
427
668
49
741
352
22
377
648
308
874
965
391
618
126
749
370
819
874
855
348
362
909
397
66
994
648
795
588
362
705
559
269
126
874
152
955
271
66
705
849
575
886
192
266
584
772
668
147
888
310
297
737
806
780
799
930
352
324
391
559
362
397
930
486
687
177
687
383
377
92
756
819
437
154
92
569
318
197
309
649
805
49
92
894
391
306
959
384
923
822
741
503
786
370
795
904
232
292
294
325
514
22
277
980
862
309
605
886
206
308
521
505
855
286
586
649
669
745
741
361
384
746
559
653
177
653
997
129
128
129
331
514
9
406
463
874
269
309
235
985
309
930
904
354
819
212
195
362
488
289
384
751
181
289
49
653
297
92
361
668
649
986
980
717
167
811
92
161
849
325
224
323
907
586
384
892
333
437
329
575
524
994
104
195
308
437
378
535
903
488
325
894
314
593
334
649
668
486
583
687
404
569
959
666
990
562
953
654
9
741
822
173
717
811
192
595
271
437
904
228
751
997
994
648
161
964
886
289
980
706
134
521
292
583
892
862
292
206
586
763
331
286
223
990
751
811
437
377
796
397
72
246
29
614
324
329
173
886
92
559
29
432
383
529
348
135
805
697
363
408
29
249
324
498
512
903
692
986
649
153
129
92
404
361
967
944
986
964
874
811
262
894
406
294
894
955
297
632
404
746
869
331
953
181
286
795
874
512
894
195
991
695
306
384
274
964
173
235
927
583
318
334
289
134
572
232
678
5
503
886
514
230
986
614
50
384
909
383
161
92
991
355
289
383
128
228
903
997
785
306
489
195
333
243
780
245
649
815
309
507
427
529
391
524
486
49
524
324
235
235
363
535
786
923
997
417
850
230
795
749
850
741
212
586
629
325
395
348
370
649
161
489
361
927
986
383
352
886
521
669
29
134
286
569
805
527
235
152
668
874
994
71
245
186
377
224
786
271
572
944
281
271
521
352
129
101
352
135
383
874
970
173
489
745
323
985
488
785
795
649
309
796
535
167
334
404
990
271
173
746
92
197
224
524
855
489
756
654
370
406
328
758
331
881
171
427
990
271
328
583
383
510
243
955
588
815
26
888
950
959
325
695
355
953
104
72
695
965
309
101
324
417
377
477
780
397
195
192
785
990
964
595
648
668
395
277
195
128
28
167
154
269
815
986
92
898
801
953
780
292
961
28
352
406
152
271
562
406
629
799
584
316
129
869
451
503
595
488
245
309
432
72
807
22
66
776
575
874
323
795
562
991
324
881
709
29
206
632
530
666
362
814
134
884
884
29
248
173
874
42
289
354
316
814
348
776
546
370
595
807
892
232
92
874
384
745
884
955
510
874
786
92
363
649
649
668
527
776
417
26
104
334
649
785
985
309
530
306
904
316
316
649
153
195
277
512
510
297
795
101
309
562
323
463
964
692
687
277
269
192
498
586
553
575
986
384
161
985
660
935
553
232
271
269
237
874
498
927
294
807
540
884
850
588
489
894
903
786
274
511
377
662
511
681
228
176
687
881
397
884
5
212
687
849
970
815
653
126
510
195
811
195
274
955
197
297
986
746
281
654
362
994
980
556
292
749
362
232
334
923
363
50
371
745
780
385
758
134
134
331
811
224
741
243
549
49
406
355
294
586
329
334
348
510
377
404
654
178
371
780
786
230
348
869
510
161
668
152
318
586
967
666
178
181
349
741
361
584
292
806
944
498
404
176
898
935
741
614
752
432
705
154
772
985
636
72
318
874
874
28
391
811
92
741
695
447
235
316
806
361
521
524
904
955
92
985
795
569
383
314
324
9
904
349
527
147
953
354
636
811
195
361
654
668
604
417
328
604
334
323
395
22
569
909
507
588
414
649
795
752
521
408
660
769
348
569
572
604
907
404
871
986
324
549
917
786
695
92
