270
41
188
241
428
581
782
958
109
384
372
830
153
945
414
196
850
910
537
832
875
914
353
506
919
237
86
434
939
873
478
301
986
551
419
688
271
980
226
361
518
817
626
268
860
475
683
725
93
678
39
395
546
683
798
855
663
501
163
240
97
907
95
565
442
172
2
659
124
837
353
332
786
402
460
90
757
884
632
675
340
881
835
651
859
240
160
53
415
683
259
793
320
832
738
861
251
597
747
546
384
688
99
890
30
147
312
498
105
65
438
831
822
515
97
231
463
381
400
736
984
667
437
162
916
517
121
358
702
994
719
611
495
644
569
795
598
485
938
558
66
955
576
960
229
574
437
381
522
233
832
618
145
637
112
83
501
861
980
787
114
757
979
11
443
976
583
156
666
426
917
864
468
850
928
104
798
861
119
859
159
186
122
96
393
400
377
30
258
261
210
596
203
944
84
814
440
447
464
669
256
914
738
147
651
44
448
75
689
510
954
269
529
451
506
28
978
268
516
349
56
857
981
944
290
215
867
372
555
649
113
243
452
545
739
671
752
669
404
655
66
509
713
606
177
887
964
377
424
347
910
317
647
930
714
715
262
877
879
838
157
673
975
924
416
256
398
956
711
337
218
691
258
13
824
421
635
847
702
36
38
434
916
467
732
122
798
370
746
655
951
406
398
842
872
335
43
189
995
783
77
144
473
514
237
73
982
833
734
638
18
936
99
916
432
118
907
759
469
532
95
94
912
484
993
203
411
684
551
270
691
295
968
682
231
911
96
981
616
956
379
4
495
213
486
404
207
111
526
602
239
401
821
64
28
927
369
984
640
765
463
829
450
877
431
705
886
488
224
306
700
787
802
331
286
317
531
45
32
703
850
738
572
533
662
553
998
940
318
477
632
803
333
162
780
698
877
55
12
367
434
157
658
514
716
404
169
302
340
96
568
388
965
999
5
319
615
745
46
865
393
674
979
756
409
851
683
521
331
423
869
564
149
275
326
328
212
941
975
54
292
107
54
326
57
889
946
905
500
880
683
516
365
155
618
115
153
901
404
508
309
293
815
171
670
926
411
83
658
225
582
743
1
838
469
209
387
178
19
262
689
809
778
823
364
43
954
340
261
672
32
540
927
271
985
195
404
465
251
898
520
260
689
953
604
579
143
388
819
6
799
82
225
877
444
304
419
76
148
556
908
597
488
62
165
895
571
191
364
758
47
381
0
213
568
689
710
922
141
747
642
157
726
147
934
467
270
914
456
89
677
501
843
778
10
569
936
435
884
837
138
312
706
8
811
934
296
335
702
82
90
942
168
54
886
727
874
77
204
388
450
747
768
231
498
310
800
511
524
377
167
142
318
614
251
118
802
81
863
249
464
965
920
169
723
508
849
431
560
626
639
401
694
740
731
52
426
620
896
941
569
845
142
87
648
201
7
721
901
215
616
691
309
995
679
173
366
820
792
201
625
567
286
449
487
455
61
11
635
191
876
695
561
802
430
84
977
676
954
491
479
542
78
864
879
785
670
507
597
984
908
858
577
526
851
470
462
209
334
599
254
669
714
18
688
889
162
680
574
405
200
173
417
863
485
385
181
44
482
600
384
812
450
629
219
14
674
79
741
759
243
883
960
608
577
751
348
472
645
775
690
262
420
838
348
320
234
584
692
23
883
597
273
159
568
688
238
328
86
940
416
488
275
753
56
295
186
940
29
815
831
260
782
258
87
355
459
690
363
482
620
974
893
385
779
731
398
858
841
133
125
161
186
861
77
350
408
216
475
439
981
714
926
836
946
287
910
290
302
797
328
738
958
369
812
52
177
573
293
714
747
108
254
825
143
434
69
954
354
896
588
881
420
580
218
257
272
998
556
907
12
136
297
539
962
924
362
820
764
526
531
773
285
754
312
575
484
50
631
624
135
589
677
385
811
323
864
617
923
490
667
574
452
287
974
201
760
235
250
938
644
548
76
700
484
535
705
376
616
685
622
19
189
852
891
585
310
600
957
485
760
922
132
746
258
490
736
64
37
896
810
728
89
193
638
353
621
178
277
610
957
908
934
772
990
145
206
144
205
801
497
459
954
693
830
580
561
337
475
478
269
562
48
972
212
554
657
281
883
695
256
267
337
609
281
950
153
147
542
441
531
308
788
728
401
794
594
165
142
928
672
60
43
825
365
831
780
494
287
232
624
512
978
849
658
92
634
551
265
434
748
371
935
220
845
511
690
732
798
186
198
901
491
149
604
70
612
951
556
475
582
760
182
645
987
22
508
270
376
164
